time_ms	encoder	transmitted_g	preload_g	percent_cycle
65544	0	-67.85	-1.03	0.00
65644	0	-67.53	-0.69	0.00
65745	0	-67.95	-0.56	0.00
65845	0	-67.84	-0.66	0.00
65945	0	-68.10	-0.65	0.00
66045	0	-68.36	-1.16	0.00
66145	0	-68.49	-1.12	0.00
66246	0	-68.34	-0.95	0.00
66346	0	-67.89	-0.56	0.00
66446	0	-67.69	-0.78	0.00
66547	0	-67.95	-1.06	0.00
66647	0	-67.55	-0.76	0.00
66747	0	-67.50	-0.26	0.00
66848	159	-67.51	-0.96	0.04
66947	1024	-67.46	-0.74	0.27
67048	1984	-68.44	-0.05	0.53
67148	2946	-67.68	0.12	0.79
67249	3939	-67.20	0.60	1.05
67349	4885	-67.93	1.23	1.30
67449	5872	-68.48	1.98	1.57
67549	6805	-68.70	3.16	1.81
67650	7744	-68.11	4.15	2.07
67750	8626	-67.35	5.27	2.30
67850	9562	-67.38	5.62	2.55
67950	10478	-67.41	6.38	2.79
68051	11370	-67.26	7.79	3.03
68151	12270	-66.86	8.84	3.27
68252	13204	-66.80	9.41	3.52
68352	14171	-67.04	10.04	3.78
68452	15077	-68.03	11.23	4.02
68552	16022	-67.68	12.28	4.27
68652	16949	-67.94	13.74	4.52
68753	17933	-68.24	14.35	4.78
68853	18805	-68.94	14.27	5.01
68953	19674	-69.99	14.84	5.25
69053	20566	-70.91	15.42	5.48
69154	21470	-71.03	16.35	5.73
69254	22328	-71.04	16.78	5.95
69355	23198	-72.31	17.44	6.19
69455	24135	-73.53	17.82	6.44
69555	25057	-73.70	17.75	6.68
69655	25991	-74.86	17.95	6.93
69756	26852	-76.50	18.41	7.16
69855	27802	-77.91	19.36	7.41
69956	28737	-78.58	19.94	7.66
70056	29672	-79.77	19.55	7.91
70157	30554	-80.88	20.10	8.15
70257	31438	-81.52	20.58	8.38
70357	32304	-82.58	20.74	8.61
70457	33185	-83.84	20.95	8.85
70558	34075	-83.93	20.96	9.09
70658	34959	-84.53	21.17	9.32
70758	35905	-85.49	20.94	9.57
70859	36788	-86.10	20.86	9.81
70958	37681	-87.11	20.88	10.05
71059	38586	-88.68	21.82	10.29
71160	39544	-89.52	22.16	10.55
71259	40472	-89.88	22.55	10.79
71360	41391	-90.53	22.83	11.04
71460	42310	-90.71	23.26	11.28
71561	43206	-91.34	23.10	11.52
71661	44115	-91.85	23.04	11.76
71761	44970	-92.24	22.63	11.99
71861	45870	-93.39	23.00	12.23
71961	46781	-95.29	23.03	12.47
72062	47708	-96.44	23.39	12.72
72162	48604	-98.09	23.03	12.96
72263	49552	-99.53	23.17	13.21
72363	50504	-100.27	23.56	13.47
72463	51433	-101.61	23.71	13.72
72563	52350	-103.30	23.94	13.96
72664	53275	-104.20	23.95	14.21
72764	54190	-105.04	24.11	14.45
72864	55069	-106.25	23.75	14.69
72964	55950	-107.68	23.98	14.92
73065	56788	-108.70	23.99	15.14
73165	57712	-109.88	23.74	15.39
73265	58611	-111.09	23.88	15.63
73365	59544	-112.26	24.43	15.88
73466	60467	-113.33	25.21	16.12
73566	61438	-114.09	25.43	16.38
73666	62386	-115.72	24.90	16.64
73767	63306	-116.31	25.42	16.88
73867	64210	-116.77	26.39	17.12
73967	65149	-118.28	26.05	17.37
74067	66073	-119.35	25.94	17.62
74168	66937	-120.33	25.93	17.85
74268	67850	-122.19	25.70	18.09
74368	68739	-123.95	25.67	18.33
74469	69654	-125.64	26.28	18.57
74569	70536	-127.62	26.51	18.81
74669	71464	-129.08	26.08	19.06
74769	72416	-130.34	26.29	19.31
74869	73364	-131.45	26.72	19.56
74970	74282	-132.64	26.65	19.81
75070	75198	-133.13	27.05	20.05
75171	76160	-133.99	27.00	20.31
75271	77060	-135.00	27.41	20.55
75371	77942	-136.02	27.91	20.78
75471	78780	-137.57	27.54	21.01
75572	79660	-137.99	26.93	21.24
75672	80527	-138.19	27.23	21.47
75772	81414	-139.24	27.67	21.71
75872	82329	-140.39	27.55	21.95
75973	83271	-141.54	28.35	22.21
76073	84235	-142.51	28.19	22.46
76173	85158	-143.35	28.97	22.71
76273	86103	-144.17	29.37	22.96
76374	87034	-144.88	29.42	23.21
76474	87992	-145.81	29.70	23.46
76575	88876	-147.38	29.84	23.70
76675	89760	-148.53	30.19	23.94
76775	90626	-149.02	30.80	24.17
76876	91537	-149.67	30.18	24.41
76977	92418	-151.50	30.33	24.64
77077	93299	-152.99	30.32	24.88
77178	94238	-154.81	30.29	25.13
77278	95177	-156.64	30.47	25.38
77378	96134	-158.54	31.13	25.64
77479	97050	-160.90	31.07	25.88
77579	98026	-162.32	30.11	26.14
77680	98935	-163.90	30.38	26.38
77780	99864	-165.72	31.02	26.63
77880	100751	-168.37	30.70	26.87
77981	101670	-171.08	30.88	27.11
78081	102521	-173.60	31.05	27.34
78182	103381	-175.31	31.33	27.57
78282	104268	-177.02	31.80	27.80
78383	105206	-178.36	31.84	28.05
78483	106096	-179.90	31.92	28.29
78584	106956	-181.47	32.13	28.52
78684	107879	-183.31	31.87	28.77
78785	108779	-185.04	32.02	29.01
78885	109726	-187.07	32.49	29.26
78985	110617	-189.44	32.66	29.50
79086	111520	-190.99	32.34	29.74
79186	112419	-192.84	32.77	29.98
79287	113300	-194.64	32.71	30.21
79387	114162	-196.91	32.82	30.44
79487	114997	-199.48	33.34	30.67
79588	115915	-202.04	33.44	30.91
79688	116799	-203.58	33.27	31.15
79789	117682	-205.94	33.17	31.38
79889	118558	-207.78	32.89	31.62
79990	119480	-210.05	33.44	31.86
80090	120400	-212.24	33.40	32.11
80191	121287	-214.16	33.41	32.34
80291	122171	-216.26	33.74	32.58
80392	123071	-218.39	33.35	32.82
80492	124016	-220.54	33.34	33.07
80592	124885	-223.25	34.04	33.30
80693	125759	-226.49	34.02	33.54
80793	126629	-228.19	34.08	33.77
80894	127545	-229.26	33.91	34.01
80994	128416	-230.91	33.73	34.24
81095	129255	-233.49	33.74	34.47
81195	130161	-236.65	33.79	34.71
81295	131078	-238.74	34.14	34.95
81396	132021	-240.29	34.55	35.21
81496	132898	-242.99	34.45	35.44
81597	133837	-246.03	34.28	35.69
81697	134756	-248.37	34.18	35.93
81798	135688	-249.75	34.23	36.18
81898	136554	-251.85	34.22	36.41
81999	137439	-253.59	34.75	36.65
82099	138324	-254.99	34.83	36.89
82200	139190	-256.16	35.43	37.12
82300	140072	-258.29	35.47	37.35
82400	140939	-260.77	34.88	37.58
82501	141901	-263.83	34.71	37.84
82601	142799	-265.00	34.63	38.08
82702	143723	-265.68	35.11	38.33
82802	144616	-266.89	35.15	38.56
82902	145572	-268.33	35.18	38.82
83003	146505	-269.90	35.19	39.07
83103	147404	-271.15	35.11	39.31
83204	148259	-271.66	35.61	39.54
83304	149185	-272.65	35.25	39.78
83405	150086	-273.68	35.04	40.02
83505	150927	-274.10	35.36	40.25
83606	151785	-275.59	35.68	40.48
83706	152686	-278.42	35.94	40.72
83807	153638	-281.37	35.54	40.97
83907	154560	-283.69	35.44	41.22
84007	155497	-286.11	35.48	41.47
84108	156439	-288.82	35.42	41.72
84208	157367	-292.13	35.95	41.96
84309	158290	-295.14	36.27	42.21
84409	159175	-297.33	35.72	42.45
84510	160094	-299.32	36.15	42.69
84610	160980	-301.28	36.15	42.93
84710	161860	-303.99	35.78	43.16
84811	162649	-304.87	35.26	43.37
84911	163522	-305.96	35.16	43.61
85012	164388	-307.34	35.92	43.84
85112	165314	-309.03	36.62	44.08
85212	166242	-309.60	36.26	44.33
85313	167177	-308.22	36.62	44.58
85414	168148	-308.00	36.59	44.84
85514	169056	-308.70	36.60	45.08
85615	169972	-308.77	36.66	45.33
85715	170849	-308.38	36.02	45.56
85815	171773	-308.17	36.35	45.81
85916	172636	-307.80	36.58	46.04
86016	173498	-307.40	35.95	46.27
86117	174334	-307.66	36.07	46.49
86217	175207	-307.13	36.45	46.72
86317	176123	-306.25	36.58	46.97
86418	177021	-305.80	36.48	47.21
86518	177972	-304.90	36.36	47.46
86619	178908	-304.89	36.32	47.71
86719	179854	-304.40	36.91	47.96
86819	180748	-303.89	37.19	48.20
86920	181682	-303.20	37.02	48.45
87020	182581	-301.38	37.45	48.69
87121	183473	-300.08	37.16	48.93
87222	184319	-297.40	36.83	49.15
87322	185202	-292.94	36.07	49.39
87422	186104	-287.08	36.75	49.63
87523	186931	-282.65	36.60	49.85
87623	187852	-280.26	36.32	50.09
87724	188750	-278.94	36.29	50.33
87824	189691	-278.47	36.77	50.58
87924	190615	-278.19	36.58	50.83
88025	191559	-276.29	36.19	51.08
88125	192472	-274.14	36.51	51.33
88226	193397	-272.68	36.52	51.57
88326	194296	-271.57	36.33	51.81
88427	195195	-269.96	36.48	52.05
88527	196078	-267.32	36.05	52.29
88627	196941	-264.15	36.39	52.52
88728	197801	-262.65	36.62	52.75
88828	198639	-262.22	36.14	52.97
88929	199563	-259.99	36.11	53.22
89029	200495	-257.65	35.92	53.47
89130	201457	-255.44	36.04	53.72
89230	202395	-254.27	35.55	53.97
89331	203327	-253.47	35.31	54.22
89431	204280	-251.33	35.44	54.47
89532	205207	-248.97	36.09	54.72
89632	206119	-245.80	36.26	54.97
89732	206999	-241.93	36.11	55.20
89833	207923	-240.74	35.68	55.45
89933	208772	-238.53	34.94	55.67
90034	209651	-236.57	34.48	55.91
90134	210541	-235.46	34.47	56.14
90234	211490	-233.44	34.12	56.40
90335	212438	-231.12	33.51	56.65
90435	213378	-227.77	34.02	56.90
90536	214316	-224.71	33.87	57.15
90636	215254	-221.90	33.42	57.40
90737	216199	-219.33	33.78	57.65
90837	217113	-215.57	34.08	57.90
90938	218070	-211.39	33.58	58.15
91038	219019	-207.89	31.91	58.41
91139	219927	-203.96	30.79	58.65
91239	220741	-199.13	30.57	58.86
91339	221624	-195.28	30.27	59.10
91440	222552	-192.12	29.49	59.35
91540	223511	-189.26	29.25	59.60
91641	224439	-187.28	29.24	59.85
91741	225381	-185.70	28.97	60.10
91842	226350	-182.45	28.11	60.36
91942	227300	-179.63	27.55	60.61
92042	228246	-176.82	26.85	60.87
92143	229193	-172.97	27.10	61.12
92243	230188	-170.72	26.34	61.38
92344	231163	-169.36	25.57	61.64
92444	232043	-166.41	24.80	61.88
92544	232909	-164.47	23.59	62.11
92645	233903	-163.54	23.12	62.37
92746	234874	-162.70	22.93	62.63
92846	235865	-161.61	22.03	62.90
92947	236841	-159.05	21.42	63.16
93047	237855	-156.84	20.79	63.43
93147	238805	-154.98	20.49	63.68
93248	239788	-153.14	20.72	63.94
93348	240777	-152.03	20.62	64.21
93449	241811	-151.11	19.97	64.48
93549	242787	-151.20	19.22	64.74
93649	243748	-150.90	19.50	65.00
93750	244706	-149.52	19.04	65.25
93850	245702	-148.06	19.06	65.52
93951	246686	-148.28	19.51	65.78
94051	247679	-147.75	18.99	66.05
94152	248682	-146.89	18.45	66.32
94252	249694	-144.84	18.14	66.59
94352	250660	-142.70	18.67	66.84
94453	251676	-139.92	18.39	67.11
94554	252704	-138.27	18.18	67.39
94654	253733	-136.29	16.83	67.66
94754	254688	-130.99	15.09	67.92
94855	255696	-124.44	14.04	68.19
94955	256664	-120.24	13.14	68.44
95056	257663	-117.57	13.04	68.71
95156	258650	-114.60	12.25	68.97
95257	259687	-110.54	12.33	69.25
95357	260691	-107.06	12.83	69.52
95457	261705	-104.65	12.71	69.79
95558	262722	-101.67	12.39	70.06
95658	263755	-100.12	11.55	70.33
95759	264768	-99.12	11.03	70.60
95859	265823	-97.07	10.22	70.89
95959	266831	-94.20	9.50	71.15
96060	267868	-91.36	9.38	71.43
96160	268833	-89.49	9.52	71.69
96261	269869	-87.92	9.31	71.97
96361	270880	-85.98	9.19	72.23
96462	271928	-84.58	9.51	72.51
96562	272916	-82.97	9.57	72.78
96663	273955	-81.59	9.27	73.05
96763	274970	-79.88	9.14	73.33
96864	275998	-77.52	8.95	73.60
96964	277009	-76.02	9.14	73.87
97064	278057	-74.01	9.02	74.15
97165	279035	-71.10	8.32	74.41
97265	280048	-67.35	8.56	74.68
97366	281036	-63.75	8.88	74.94
97466	282065	-61.13	8.44	75.22
97567	283063	-59.21	8.59	75.48
97667	284079	-56.21	8.76	75.75
97767	285083	-52.71	8.34	76.02
97868	286121	-50.04	8.67	76.30
97968	287119	-47.90	9.08	76.57
98069	288153	-46.00	8.67	76.84
98169	289187	-43.70	8.59	77.12
98269	290192	-40.89	8.13	77.38
98370	291166	-38.45	7.66	77.64
98470	292193	-35.98	7.96	77.92
98571	293195	-34.60	7.94	78.19
98671	294215	-33.71	7.62	78.46
98772	295222	-31.90	7.46	78.73
98872	296260	-30.16	7.73	79.00
98972	297279	-28.89	7.64	79.27
99073	298301	-26.55	7.67	79.55
99173	299335	-25.01	7.43	79.82
99274	300372	-24.21	6.96	80.10
99374	301403	-24.01	7.26	80.37
99475	302380	-23.52	7.36	80.63
99575	303378	-22.64	7.39	80.90
99676	304381	-21.10	8.00	81.17
99776	305367	-20.28	7.92	81.43
99877	306343	-19.37	7.20	81.69
99977	307341	-19.72	6.68	81.96
100077	308352	-19.08	7.29	82.23
100178	309355	-18.35	7.41	82.49
100278	310385	-18.36	7.47	82.77
100379	311436	-18.34	7.43	83.05
100479	312451	-17.73	6.91	83.32
100579	313456	-16.54	7.19	83.59
100680	314448	-15.72	7.05	83.85
100780	315432	-14.75	6.35	84.12
100881	316379	-14.33	6.27	84.37
100981	317359	-13.55	6.62	84.63
101082	318348	-12.36	6.58	84.89
101182	319326	-10.67	6.57	85.15
101282	320308	-9.24	6.52	85.42
101383	321311	-8.96	6.83	85.68
101483	322332	-8.83	7.11	85.96
101584	323334	-8.32	6.48	86.22
101684	324333	-7.40	5.91	86.49
101784	325339	-7.47	6.59	86.76
101885	326306	-7.71	6.12	87.01
101985	327247	-7.49	6.44	87.27
102086	328211	-7.58	6.62	87.52
102186	329167	-7.28	6.10	87.78
102287	330135	-6.59	6.45	88.04
102387	331072	-6.45	6.92	88.29
102487	332019	-6.82	6.82	88.54
102588	332992	-7.58	6.64	88.80
102689	333986	-7.61	6.56	89.06
102789	334937	-6.64	6.99	89.32
102889	335948	-6.82	6.76	89.59
102990	336930	-7.35	6.50	89.85
103090	337921	-8.23	6.43	90.11
103191	338832	-9.11	6.21	90.36
103291	339810	-9.62	6.03	90.62
103392	340746	-10.54	6.39	90.87
103492	341702	-11.36	6.45	91.12
103592	342623	-10.85	6.50	91.37
103693	343622	-11.15	6.43	91.63
103793	344602	-11.04	5.95	91.89
103894	345582	-9.91	6.00	92.16
103994	346548	-9.98	6.77	92.41
104094	347548	-10.53	6.93	92.68
104195	348512	-11.83	6.41	92.94
104295	349484	-12.69	6.51	93.20
104396	350437	-13.07	6.42	93.45
104496	351373	-13.02	6.58	93.70
104597	352308	-13.30	6.83	93.95
104697	353236	-14.48	6.18	94.20
104797	354200	-17.68	6.26	94.45
104898	355180	-20.49	6.83	94.71
104998	356166	-21.98	6.84	94.98
105099	357102	-23.77	7.16	95.23
105199	358084	-24.68	7.35	95.49
105300	359055	-25.43	7.47	95.75
105400	360043	-25.82	7.55	96.01
105501	360960	-25.97	7.87	96.26
105601	361925	-26.25	7.99	96.51
105702	362819	-27.38	8.27	96.75
105802	363739	-28.95	8.54	97.00
105902	364632	-30.79	8.31	97.24
106003	365607	-32.00	8.23	97.50
106103	366543	-33.88	7.93	97.74
106204	367490	-34.91	8.10	98.00
106304	368421	-35.79	8.38	98.25
106404	369382	-36.03	9.50	98.50
106505	370355	-36.66	9.31	98.76
106605	371307	-37.60	9.28	99.02
106706	372264	-38.84	9.71	99.27
106806	373206	-39.49	10.26	99.52
106907	374120	-40.75	10.24	99.77
107007	374985	-41.88	9.76	100.00
107107	375911	-43.47	9.86	100.24
107208	376842	-45.49	9.96	100.49
107308	377794	-46.58	10.47	100.75
107409	378726	-47.56	10.01	100.99
107509	379689	-49.19	9.86	101.25
107609	380665	-50.22	10.23	101.51
107710	381647	-51.48	10.71	101.77
107810	382591	-53.02	11.12	102.02
107911	383561	-54.22	11.38	102.28
108011	384498	-55.24	11.30	102.53
108112	385422	-56.64	10.86	102.78
108212	386329	-57.09	11.61	103.02
108313	387216	-57.76	12.20	103.26
108413	388164	-59.10	12.03	103.51
108514	389047	-60.77	12.46	103.75
108614	389985	-62.34	12.98	104.00
108714	390932	-63.12	12.95	104.25
108815	391946	-64.25	12.56	104.52
108915	392891	-65.15	13.44	104.77
109016	393856	-66.31	13.69	105.03
109116	394789	-67.33	13.44	105.28
109217	395775	-68.44	13.83	105.54
109317	396672	-70.03	14.15	105.78
109417	397570	-71.55	14.47	106.02
109518	398458	-72.31	14.51	106.26
109618	399342	-73.53	14.83	106.49
109719	400228	-74.68	15.19	106.73
109819	401125	-75.31	15.42	106.97
109919	402087	-76.07	15.95	107.22
110020	403045	-76.68	16.43	107.48
110121	404027	-76.82	17.50	107.74
110221	404954	-76.68	18.15	107.99
110322	405940	-77.23	18.17	108.25
110422	406879	-78.20	19.11	108.50
110522	407824	-78.85	18.83	108.75
110623	408719	-79.40	18.87	108.99
110723	409652	-80.03	19.23	109.24
110824	410548	-81.54	18.87	109.48
110924	411434	-82.77	19.19	109.72
111024	412336	-84.38	19.49	109.96
111125	413246	-84.72	20.39	110.20
111225	414223	-85.33	20.40	110.46
111326	415171	-86.34	20.70	110.71
111426	416105	-86.60	21.46	110.96
111527	417061	-86.90	21.96	111.22
111627	418047	-87.72	22.11	111.48
111727	418953	-88.60	22.56	111.72
111828	419878	-89.07	23.06	111.97
111928	420740	-90.72	22.61	112.20
112029	421638	-91.69	22.71	112.44
112129	422517	-92.71	23.05	112.67
112229	423386	-94.11	22.82	112.90
112330	424299	-94.87	22.69	113.15
112430	425226	-96.02	22.79	113.39
112531	426194	-97.55	22.96	113.65
112631	427116	-99.40	23.19	113.90
112732	428097	-100.35	23.43	114.16
112832	429033	-101.07	24.61	114.41
112932	429971	-101.01	26.24	114.66
113033	430846	-99.76	27.23	114.89
113134	431748	-98.48	28.87	115.13
113234	432583	-97.97	30.63	115.36
113334	433451	-98.19	32.31	115.59
113435	434286	-97.87	33.67	115.81
113535	435123	-96.66	35.12	116.03
113636	436009	-95.75	36.86	116.27
113736	436835	-95.16	38.23	116.49
113836	437752	-95.01	39.62	116.73
113937	438637	-94.16	41.60	116.97
114037	439555	-92.97	42.68	117.21
114138	440441	-91.68	44.00	117.45
114238	441311	-90.85	45.86	117.68
114339	442176	-90.70	47.40	117.91
114439	443052	-90.36	48.87	118.15
114539	443945	-90.01	50.71	118.39
114640	444741	-89.80	52.85	118.60
114740	445547	-90.08	54.34	118.81
114841	446390	-91.40	55.36	119.04
114941	447200	-92.82	56.90	119.25
115041	447985	-94.11	58.13	119.46
115142	448736	-95.72	59.29	119.66
115242	449599	-98.28	60.62	119.89
115343	450468	-100.49	61.34	120.12
115443	451325	-102.79	63.30	120.35
115544	452181	-105.08	65.04	120.58
115644	453008	-107.42	66.14	120.80
115744	453891	-110.77	67.48	121.04
115845	454732	-114.41	69.54	121.26
115945	455586	-117.93	71.37	121.49
116046	456381	-120.34	72.91	121.70
116146	457223	-123.90	73.99	121.93
116246	458032	-127.79	74.55	122.14
116347	458753	-131.71	76.43	122.33
116447	459484	-135.68	77.79	122.53
116548	460248	-139.07	79.49	122.73
116648	461081	-141.66	80.99	122.95
116749	461954	-145.13	81.76	123.19
116849	462767	-148.57	83.30	123.40
116949	463592	-151.42	85.04	123.62
117050	464430	-154.48	87.18	123.85
117150	465287	-156.57	88.50	124.08
117251	466141	-157.68	89.11	124.30
117351	466920	-159.02	91.05	124.51
117452	467764	-160.65	93.18	124.74
117552	468590	-162.86	95.14	124.96
117652	469334	-166.00	95.90	125.16
117753	470056	-167.94	96.98	125.35
117853	470697	-168.06	98.70	125.52
117954	471435	-168.73	100.29	125.72
118054	472252	-170.11	101.10	125.93
118154	473062	-171.24	102.38	126.15
118255	473855	-170.96	104.32	126.36
118355	474611	-170.70	106.06	126.56
118456	475421	-169.03	107.54	126.78
118556	476247	-166.70	108.50	127.00
118657	477056	-164.61	110.46	127.21
118757	477859	-161.71	111.83	127.43
118858	478607	-159.98	113.37	127.63
118958	479423	-157.85	115.07	127.85
119059	480164	-155.40	116.43	128.04
119159	480811	-153.81	118.22	128.22
119259	481458	-151.97	120.14	128.39
119360	482098	-150.34	120.89	128.56
119460	482782	-149.50	121.83	128.74
119561	483572	-148.06	122.95	128.95
119661	484315	-146.51	124.01	129.15
119762	485085	-144.35	125.41	129.36
119862	485876	-142.51	126.84	129.57
119962	486644	-140.51	128.57	129.77
120063	487441	-139.06	130.29	129.98
120163	488188	-137.85	131.39	130.18
120264	488908	-135.78	132.57	130.38
120364	489659	-133.89	134.36	130.58
120464	490439	-132.57	134.79	130.78
120565	491185	-131.13	135.98	130.98
120665	491936	-129.68	137.25	131.18
120766	492566	-128.84	139.38	131.35
120866	493194	-127.63	140.58	131.52
120967	493939	-125.88	140.82	131.72
121067	494627	-124.77	141.72	131.90
121167	495356	-122.85	142.86	132.09
121268	496141	-121.82	144.14	132.30
121368	496881	-120.81	145.12	132.50
121469	497699	-118.62	146.07	132.72
121569	498487	-116.83	147.77	132.93
121670	499238	-115.30	149.26	133.13
121770	499994	-113.28	150.34	133.33
121871	500704	-111.40	151.41	133.52
121971	501513	-109.71	152.32	133.74
122071	502298	-107.77	152.50	133.95
122172	503028	-105.35	153.56	134.14
122272	503692	-103.37	155.59	134.32
122373	504426	-101.08	156.84	134.51
122473	505171	-99.80	156.81	134.71
122574	505870	-98.40	157.71	134.90
122674	506582	-95.94	159.07	135.09
122774	507332	-94.23	160.55	135.29
122875	508145	-93.32	160.85	135.51
122975	508948	-91.95	161.59	135.72
123076	509762	-90.00	162.53	135.94
123176	510498	-88.54	163.63	136.13
123276	511244	-86.83	164.09	136.33
123377	512053	-85.10	164.70	136.55
123477	512781	-83.30	165.53	136.74
123578	513571	-81.32	166.78	136.95
123678	514293	-79.57	167.97	137.14
123779	514967	-78.02	168.54	137.32
123879	515634	-77.57	169.24	137.50
123979	516293	-77.27	169.96	137.68
124080	516960	-75.46	170.77	137.86
124180	517692	-73.50	171.40	138.05
124281	518407	-71.74	172.04	138.24
124381	519177	-70.07	173.29	138.45
124482	520026	-67.40	175.14	138.67
124582	520805	-65.22	176.02	138.88
124683	521621	-63.48	176.63	139.10
124783	522376	-61.33	177.53	139.30
124884	523187	-59.64	178.98	139.52
124984	524022	-57.62	180.33	139.74
125084	524739	-56.43	180.76	139.93
125185	525519	-54.82	181.10	140.14
125285	526251	-52.57	181.76	140.33
125386	527038	-50.17	182.83	140.54
125486	527718	-48.19	183.22	140.72
125586	528392	-47.16	183.87	140.90
125687	529132	-45.05	184.80	141.10
125787	529910	-42.91	185.50	141.31
125888	530687	-41.57	186.24	141.52
125988	531488	-40.83	186.81	141.73
126089	532228	-39.45	187.84	141.93
126189	532986	-37.53	189.09	142.13
126289	533775	-35.78	189.77	142.34
126390	534544	-34.05	191.02	142.55
126490	535330	-33.33	192.08	142.75
126591	536123	-30.83	192.84	142.97
126691	536842	-28.62	193.92	143.16
126792	537647	-26.43	194.89	143.37
126892	538410	-24.07	195.81	143.58
126993	539051	-22.94	195.88	143.75
127093	539735	-21.04	196.01	143.93
127194	540413	-19.12	196.75	144.11
127294	541155	-16.79	197.52	144.31
127394	541906	-14.93	198.24	144.51
127495	542642	-14.20	198.71	144.70
127595	543419	-14.23	199.50	144.91
127696	544196	-12.99	200.25	145.12
127796	544950	-11.90	200.81	145.32
127896	545767	-10.81	201.80	145.54
127997	546514	-8.95	202.88	145.74
128097	547281	-6.79	203.46	145.94
128198	548076	-4.29	204.14	146.15
128298	548832	-2.34	204.88	146.36
128399	549660	-0.57	205.98	146.58
128499	550332	0.97	207.17	146.76
128599	550951	2.92	207.98	146.92
128700	551676	4.71	208.08	147.11
128800	552372	4.85	208.09	147.30
128901	553140	4.96	208.08	147.50
129001	553927	5.01	208.74	147.71
129101	554640	5.58	209.21	147.90
129202	555379	6.57	209.53	148.10
129303	556173	7.20	209.86	148.31
129403	556928	8.44	209.84	148.51
129504	557645	9.17	209.86	148.71
129604	558328	9.39	210.18	148.89
129704	559049	9.92	210.54	149.08
129805	559861	10.32	210.04	149.30
129905	560636	11.27	210.48	149.50
130006	561423	12.61	211.29	149.71
130106	562150	14.24	212.01	149.91
130206	562843	16.03	212.77	150.09
130307	563640	18.14	213.69	150.30
130407	564344	19.87	214.46	150.49
130508	565083	21.67	215.16	150.69
130608	565867	23.34	216.57	150.90
130638	566082	24.97	216.56	150.96
130725	566724	27.28	217.66	151.13
130826	567533	29.51	218.65	151.34
130926	568284	31.55	220.14	151.54
130968	568607	31.54	220.13	151.63
131027	569054	33.69	-9.67	151.75
131126	569801	35.84	-16328.99	151.95
131227	570559	37.49	-64160.04	152.15
131327	571379	39.16	-76336.34	152.37
131427	572195	41.43	-76336.33	152.59
131527	572981	43.52	-76336.34	152.79
131628	573777	46.19	-76336.33	153.01
131728	574566	48.98	-76336.34	153.22
131829	575354	51.89	-76336.33	153.43
131929	576113	55.47	-76336.34	153.63
132030	576835	58.26	-76336.33	153.82
132129	577633	60.66	-76336.34	154.04
132230	578432	63.62	-76336.33	154.25
132330	579208	66.20	-76336.34	154.46
132430	579999	69.62	-76336.33	154.67
132530	580704	73.05	-76336.34	154.85
132631	581481	75.61	-76336.33	155.06
132731	582290	78.24	-76336.34	155.28
132832	583087	81.63	-76336.33	155.49
132932	583875	85.19	-76336.34	155.70
133032	584612	87.88	-76336.33	155.90
133132	585416	90.44	-76336.34	156.11
133233	586224	92.98	-76336.33	156.33
133333	586931	95.98	-76336.34	156.51
133433	587654	97.98	-76336.33	156.71
133533	588361	99.20	-76336.34	156.90
133634	589128	101.08	-76336.33	157.10
133734	589932	103.16	-76336.34	157.32
133835	590651	105.19	-76336.33	157.51
133934	591368	107.23	-76336.34	157.70
134035	592118	109.48	-76336.33	157.90
134135	592873	110.92	-76336.34	158.10
134235	593685	112.80	-76336.33	158.32
134335	594427	115.16	-76336.34	158.51
134436	595174	117.10	-76336.33	158.71
134536	595980	119.60	-76336.34	158.93
134637	596755	121.41	-76336.33	159.13
134737	597578	122.23	-76336.34	159.35
134838	598301	123.22	-76336.33	159.55
134937	599014	125.28	-76336.34	159.74
135038	599665	127.70	-76336.33	159.91
135138	600380	129.12	-76336.34	160.10
135238	601116	130.09	-76336.33	160.30
135338	601879	130.97	-76336.34	160.50
135439	602554	132.58	-76336.33	160.68
135539	603276	135.00	-76336.34	160.87
135640	604084	137.33	-76336.33	161.09
135740	604847	138.30	-76336.34	161.29
135840	605616	140.11	-76336.33	161.50
135940	606338	141.91	-76336.34	161.69
136041	607086	144.30	-76336.33	161.89
136141	607906	147.09	-76336.34	162.11
136241	608670	149.62	-76336.33	162.31
136341	609443	151.97	-76336.34	162.52
136442	610168	154.22	-76336.33	162.71
136542	610891	156.47	-76336.34	162.90
136643	611642	158.44	-76336.33	163.10
136742	612332	160.79	-76336.34	163.29
136843	613065	163.48	-76336.33	163.48
136943	613794	165.46	-76336.34	163.68
137043	614496	167.65	-76336.33	163.87
137143	615262	169.78	-76336.34	164.07
137244	616030	171.53	-76336.33	164.27
137344	616756	173.60	-76336.34	164.47
137445	617502	175.68	-76336.33	164.67
137545	618274	176.96	-76336.34	164.87
137646	619073	178.42	-76336.33	165.09
137745	619866	180.65	-76336.34	165.30
137846	620600	183.15	-76336.33	165.49
137946	621292	185.63	-76336.34	165.68
138046	622026	188.03	-76336.33	165.87
138147	622736	190.09	-76336.34	166.06
138247	623460	192.14	-76336.33	166.26
138347	624169	193.95	-76336.34	166.45
138448	624826	195.13	-76336.33	166.62
138548	625513	196.07	-76336.34	166.80
138649	626258	197.47	-76336.33	167.00
138748	626986	199.47	-76336.34	167.20
138849	627768	201.60	-76336.33	167.40
138949	628500	203.21	-76336.34	167.60
139049	629250	205.50	-76336.33	167.80
139149	630093	206.74	-76336.34	168.02
139250	630871	208.18	-76336.33	168.23
139350	631644	209.64	-76336.34	168.44
139451	632369	211.79	-76336.33	168.63
139551	633149	213.84	-76336.34	168.84
139651	633927	215.38	-76336.33	169.05
139751	634646	217.57	-76336.34	169.24
139852	635373	218.97	-76336.33	169.43
139952	636099	219.90	-76336.34	169.63
140052	636794	220.92	-76336.33	169.81
140152	637560	222.41	-76336.34	170.02
140253	638295	224.33	-76336.33	170.21
140353	639050	225.81	-76336.34	170.41
140454	639820	226.48	-76336.33	170.62
140553	640579	226.87	-76336.34	170.82
140654	641390	227.21	-76336.33	171.04
140754	642163	227.62	-76336.34	171.24
140854	642895	228.14	-76336.33	171.44
140954	643664	228.26	-76336.34	171.64
141055	644411	229.00	-76336.33	171.84
141155	645173	230.73	-76336.34	172.05
141256	645896	232.32	-76336.33	172.24
141356	646547	233.86	-76336.34	172.41
141457	647211	235.57	-76336.33	172.59
141556	647929	237.41	-76336.34	172.78
141657	648595	238.00	-76336.33	172.96
141757	649296	238.78	-76336.34	173.15
141857	650055	240.20	-76336.33	173.35
141957	650751	241.56	-76336.34	173.53
142058	651543	242.59	-76336.33	173.74
142158	652323	244.05	-76336.34	173.95
142259	653097	245.60	-76336.33	174.16
142359	653866	247.18	-76336.34	174.36
142459	654560	248.98	-76336.33	174.55
142559	655321	249.45	-76336.34	174.75
142660	656113	249.15	-76336.33	174.96
142760	656806	249.51	-76336.34	175.15
142860	657468	249.87	-76336.33	175.32
142961	658119	250.92	-76336.34	175.50
143061	658751	252.28	-76336.33	175.67
143161	659468	253.68	-76336.34	175.86
143262	660155	255.10	-76336.33	176.04
143361	660802	256.40	-76336.34	176.21
143462	661517	257.24	-76336.33	176.40
143562	662211	258.35	-76336.34	176.59
143663	662954	258.67	-76336.33	176.79
143763	663727	258.81	-76336.34	176.99
143863	664438	260.62	-76336.33	177.18
143963	665166	262.02	-76336.34	177.38
144064	665951	263.26	-76336.33	177.59
144163	666683	264.10	-76336.34	177.78
144264	667438	264.50	-76336.33	177.98
144364	668168	265.68	-76336.34	178.18
144465	668846	267.33	-76336.33	178.36
144565	669551	267.75	-76336.34	178.55
144666	670228	268.24	-76336.33	178.73
144765	670894	268.52	-76336.34	178.91
144866	671581	268.24	-76336.33	179.09
144966	672227	268.21	-76336.34	179.26
145066	672852	269.26	-76336.33	179.43
145166	673597	269.78	-76336.34	179.63
145267	674333	269.50	-76336.33	179.82
145367	675036	269.97	-76336.34	180.01
145468	675769	270.98	-76336.33	180.21
145568	676435	272.07	-76336.34	180.38
145668	677167	272.22	-76336.33	180.58
145768	677954	272.61	-76336.34	180.79
145869	678639	272.82	-76336.33	180.97
145969	679343	272.84	-76336.34	181.16
146069	680026	272.82	-76336.33	181.34
146169	680713	273.17	-76336.34	181.52
146270	681739	254.50	-76336.33	181.80
146370	682721	103.45	-76336.34	182.06
146470	683729	-10.66	-76336.33	182.33
146570	684758	-16.95	-76336.34	182.60
146671	685834	-16.57	-76336.33	182.89
146771	686852	-15.94	-76336.34	183.16
146872	687919	-15.47	-76336.33	183.45
146972	688953	-14.80	-76336.34	183.72
147072	689994	-14.29	-76336.33	184.00
147172	690997	-14.07	-76336.34	184.27
147273	692052	-13.85	-76336.33	184.55
147372	693043	-13.95	-76336.34	184.81
147473	694038	-14.27	-76336.33	185.08
147573	694991	-15.09	-76336.34	185.33
147674	696034	-15.57	-76336.33	185.61
147774	697025	-15.90	-76336.34	185.87
147875	698018	-16.16	-76336.33	186.14
147974	698978	-15.67	-76336.34	186.39
148075	699994	-14.87	-76336.33	186.67
148175	700974	-14.44	-76336.34	186.93
148275	701984	-14.12	-76336.33	187.20
148375	702977	-13.95	-76336.34	187.46
148476	704012	-13.73	-76336.33	187.74
148576	704958	-13.66	-76336.34	187.99
148677	705908	-13.35	-76336.33	188.24
148777	706866	-13.78	-76336.34	188.50
148877	707859	-13.94	-76336.33	188.76
148978	708807	-14.17	-76336.34	189.02
149078	709798	-14.29	-76336.33	189.28
149178	710789	-14.03	-76336.34	189.54
149278	711820	-13.96	-76336.33	189.82
149378	712791	-14.30	-76336.34	190.08
149479	713807	-14.00	-76336.33	190.35
149579	714800	-14.11	-76336.34	190.61
149680	715777	-14.95	-76336.33	190.87
